<OBJECT>Planet
<OBJECT-NAME>Venus
<OBJECT-DATE>2021/09/27 18:46
<OBJECT-DIAMETER>12104
<OBJECT-GRAVITY>8.87
<OBJECT-GRAVITY-UNIT>g
<OBJECT-STAR-DISTANCE>0.71845
<OBJECT-STAR-VELOCITY>-0.02666
<OBJECT-SOLAR-LONGITUDE>220.7
<OBJECT-SOLAR-LATITUDE>-2.44
<OBJECT-SEASON>247.5
<OBJECT-STAR-TYPE>G
<OBJECT-STAR-TEMPERATURE>5777
<OBJECT-STAR-RADIUS>1.0
<OBJECT-OBS-LONGITUDE>192.64
<OBJECT-OBS-LATITUDE>-1.63
<OBJECT-OBS-VELOCITY>-6.655
<OBJECT-PERIOD>0.00000000
<OBJECT-STAR-METALLICITY>0.390
<OBJECT-INCLINATION>89.19
<OBJECT-ORBIT>0.00000000,0.00000,222.27350001,0.00000,0.71845,0.000000
<OBJECT-POSITION-ANGLE>0.00
<OBJECT-SHAPE>Sphere
<GEOMETRY>Observatory
<GEOMETRY-OFFSET-NS>0.0
<GEOMETRY-OFFSET-EW>0.0
<GEOMETRY-OFFSET-UNIT>arcsec
<GEOMETRY-OBS-ALTITUDE>1.5911
<GEOMETRY-ALTITUDE-UNIT>AU
<GEOMETRY-USER-PARAM>0.0
<GEOMETRY-STELLAR-TYPE>G
<GEOMETRY-STELLAR-TEMPERATURE>5777
<GEOMETRY-STELLAR-MAGNITUDE>0
<GEOMETRY-SOLAR-ANGLE>28.361
<GEOMETRY-OBS-ANGLE>4.345
<GEOMETRY-PLANET-FRACTION>9.090e-03
<GEOMETRY-STAR-DISTANCE>-1.000000e+00
<GEOMETRY-STAR-FRACTION>0.000000e+00
<GEOMETRY-REF>User
<GEOMETRY-DISK-ANGLES>1
<GEOMETRY-ROTATION>0.00,0.00
<GEOMETRY-AZIMUTH>0.000
<GEOMETRY-BRDFSCALER>1.000
<GEOMETRY-TEMISSION>230.0000
<ATMOSPHERE-DESCRIPTION>Venus - VIRA-45, Vandaele+2020, Bierson+2019, Ehrenreich+2012
<ATMOSPHERE-STRUCTURE>Equilibrium
<ATMOSPHERE-WEIGHT>43.50
<ATMOSPHERE-PRESSURE>1.0000e+02
<ATMOSPHERE-PUNIT>mbar
<ATMOSPHERE-NGAS>3
<ATMOSPHERE-GAS>CO2,SO2,H2O
<ATMOSPHERE-TYPE>HIT[2],HIT[9],HIT[1]
<ATMOSPHERE-ABUN>9.9413e-01,9.8934e-01,9.9966e-01
<ATMOSPHERE-UNIT>scl,scl,scl
<ATMOSPHERE-NAERO>1
<ATMOSPHERE-AEROS>Volcanic
<ATMOSPHERE-ATYPE>AFCRL_H2SO4_300K_HRI
<ATMOSPHERE-AABUN>1
<ATMOSPHERE-AUNIT>scl
<ATMOSPHERE-ASIZE>1
<ATMOSPHERE-NMAX>2
<ATMOSPHERE-LMAX>6
<ATMOSPHERE-LAYERS-MOLECULES>CO2,N2,CO,H2O,SO2,SO2_B,SO,H2SO4,OCS,HCl,H2S,NO,He,Ne,Ar,ClO,O2,O3,PH3,Volcanic,ISO[1:4]
<ATMOSPHERE-LAYERS>100
<ATMOSPHERE-LAYER-1>9.2100e+01,7.3530e+02,9.6500e-01,3.4220e-02,1.4990e-05,1.0000e-05,1.3000e-04,1.2740e-04,0.0000e+00,0.0000e+00,8.4150e-06,4.0000e-07,1.8270e-08,5.5000e-09,9.0000e-06,7.0000e-06,7.0000e-05,0.0000e+00,0.0000e+00,0.0000e+00,1.1610e-10,0.0000e+00,2.0000e+02
<ATMOSPHERE-LAYER-2>6.2070e+01,6.8830e+02,9.6500e-01,3.4900e-02,1.6000e-05,2.8580e-05,1.3000e-04,1.2800e-04,0.0000e+00,0.0000e+00,7.4680e-06,4.0000e-07,1.8270e-08,5.5000e-09,9.0000e-06,7.0000e-06,7.0000e-05,0.0000e+00,0.0000e+00,0.0000e+00,1.6300e-10,0.0000e+00,2.0000e+02
<ATMOSPHERE-LAYER-3>4.1840e+01,6.4500e+02,9.6500e-01,3.5560e-02,1.7320e-05,3.2060e-05,1.3000e-04,1.2860e-04,0.0000e+00,0.0000e+00,7.4680e-06,4.0000e-07,1.8270e-08,5.5000e-09,9.0000e-06,7.0000e-06,7.0000e-05,0.0000e+00,0.0000e+00,0.0000e+00,2.2420e-10,0.0000e+00,2.0000e+02
<ATMOSPHERE-LAYER-4>2.8200e+01,6.0430e+02,9.6500e-01,3.6180e-02,2.0080e-05,3.2600e-05,1.3000e-04,1.2910e-04,0.0000e+00,0.0000e+00,7.4680e-06,4.0000e-07,1.8270e-08,5.5000e-09,9.0000e-06,7.0000e-06,7.0000e-05,0.0000e+00,0.0000e+00,0.0000e+00,3.0230e-10,0.0000e+00,2.0000e+02
<ATMOSPHERE-LAYER-5>1.9000e+01,5.6340e+02,9.6500e-01,3.6780e-02,2.3620e-05,3.2880e-05,1.3000e-04,1.2960e-04,0.0000e+00,0.0000e+00,7.4680e-06,4.0000e-07,1.8270e-08,5.5000e-09,9.0000e-06,7.0000e-06,7.0000e-05,0.0000e+00,0.0000e+00,0.0000e+00,4.2640e-10,0.0000e+00,2.0000e+02
<ATMOSPHERE-LAYER-6>1.2810e+01,5.2420e+02,9.6500e-01,3.7350e-02,2.7310e-05,3.2880e-05,1.3000e-04,1.3020e-04,0.0000e+00,0.0000e+00,7.4680e-06,4.0000e-07,1.8270e-08,5.5000e-09,9.0000e-06,7.0000e-06,7.0000e-05,0.0000e+00,0.0000e+00,0.0000e+00,6.1460e-10,8.8060e-15,2.0000e+02
<ATMOSPHERE-LAYER-7>8.6320e+00,4.8730e+02,9.6500e-01,3.7880e-02,3.1780e-05,3.2880e-05,1.3000e-04,1.3110e-04,3.4230e-20,0.0000e+00,7.0710e-06,4.0000e-07,1.8270e-08,5.5000e-09,9.0000e-06,7.0000e-06,7.0000e-05,0.0000e+00,0.0000e+00,0.0000e+00,8.6390e-10,2.1350e-10,2.0000e+02
<ATMOSPHERE-LAYER-8>5.8180e+00,4.5360e+02,9.6500e-01,3.8350e-02,3.5490e-05,3.2880e-05,1.3000e-04,1.3190e-04,5.4880e-19,2.6630e-08,5.0790e-06,4.0000e-07,1.8220e-08,5.5000e-09,9.0000e-06,7.0000e-06,7.0000e-05,0.0000e+00,0.0000e+00,0.0000e+00,1.1860e-09,2.9890e-10,2.0000e+02
<ATMOSPHERE-LAYER-9>3.9210e+00,4.2370e+02,9.6500e-01,3.8680e-02,3.9230e-05,3.2880e-05,1.3000e-04,1.3150e-04,7.3200e-18,2.8210e-06,3.6740e-06,4.0000e-07,1.7960e-08,5.5000e-09,9.0000e-06,7.0000e-06,7.0000e-05,0.0000e+00,0.0000e+00,0.0000e+00,1.6910e-09,3.5690e-10,2.0000e+02
<ATMOSPHERE-LAYER-10>2.6430e+00,3.9840e+02,9.6500e-01,3.8990e-02,4.2950e-05,3.2880e-05,1.3000e-04,1.3060e-04,8.3200e-17,8.8930e-06,3.2370e-06,4.0000e-07,1.7720e-08,5.5000e-09,9.0000e-06,7.0000e-06,7.0000e-05,0.0000e+00,0.0000e+00,0.0000e+00,2.3630e-09,3.6650e-10,2.0000e+02
<ATMOSPHERE-LAYER-11>1.7810e+00,3.7710e+02,9.6500e-01,3.9290e-02,4.4650e-05,3.2350e-05,1.2590e-04,1.2620e-04,8.2600e-16,9.5660e-06,3.2170e-06,4.0000e-07,1.7500e-08,5.5000e-09,9.0000e-06,7.0000e-06,7.0000e-05,0.0000e+00,0.0000e+00,0.0000e+00,3.3480e-09,6.9950e-09,2.0000e+02
<ATMOSPHERE-LAYER-12>1.2000e+00,3.5740e+02,9.6500e-01,3.9580e-02,4.6020e-05,3.1610e-05,9.2400e-05,7.0490e-05,7.2800e-15,4.7110e-06,3.1260e-06,4.0000e-07,1.7290e-08,5.5000e-09,9.0000e-06,7.0000e-06,7.0000e-05,0.0000e+00,0.0000e+00,0.0000e+00,4.6780e-09,5.4900e-06,2.0000e+02
<ATMOSPHERE-LAYER-13>8.0910e-01,3.3250e+02,9.6500e-01,3.9850e-02,4.6590e-05,3.0920e-05,4.5280e-05,2.7640e-05,5.6350e-14,2.5750e-06,3.0390e-06,4.0000e-07,1.7100e-08,5.5000e-09,9.0000e-06,7.0000e-06,7.0000e-05,0.0000e+00,0.0000e+00,0.0000e+00,5.5210e-09,1.0780e-05,2.0000e+02
<ATMOSPHERE-LAYER-14>5.4530e-01,3.0410e+02,9.6500e-01,4.0100e-02,4.7540e-05,3.0550e-05,1.9530e-05,9.4540e-06,2.6950e-13,9.9740e-07,2.9070e-06,4.0000e-07,1.6470e-08,5.5000e-09,9.0000e-06,7.0000e-06,7.0000e-05,0.0000e+00,0.0000e+00,0.0000e+00,6.2600e-09,1.7990e-05,2.0000e+02
<ATMOSPHERE-LAYER-15>3.6750e-01,2.7550e+02,9.6500e-01,4.0330e-02,4.9330e-05,3.0550e-05,8.7000e-06,3.3100e-06,1.1850e-12,1.7880e-07,2.5160e-06,4.0000e-07,1.5790e-08,5.5000e-09,9.0000e-06,7.0000e-06,7.0000e-05,0.0000e+00,0.0000e+00,0.0000e+00,7.2980e-09,2.9720e-06,2.0000e+02
<ATMOSPHERE-LAYER-16>2.4770e-01,2.5570e+02,9.6500e-01,4.0540e-02,5.1020e-05,2.9900e-05,3.6640e-06,1.2090e-06,6.5840e-12,4.3540e-08,1.7540e-06,4.0000e-07,1.5200e-08,5.5000e-09,9.0000e-06,7.0000e-06,7.0000e-05,1.5200e-16,0.0000e+00,0.0000e+00,8.0830e-09,3.9660e-06,2.0000e+02
<ATMOSPHERE-LAYER-17>1.6690e-01,2.4710e+02,9.6500e-01,4.0740e-02,5.3220e-05,2.5250e-05,1.6240e-06,5.2500e-07,2.7600e-11,1.6510e-08,1.1970e-06,4.0000e-07,1.4510e-08,5.5000e-09,9.0000e-06,7.0000e-06,7.0000e-05,1.0430e-13,0.0000e+00,0.0000e+00,8.5350e-09,3.8870e-06,2.0000e+02
<ATMOSPHERE-LAYER-18>1.1250e-01,2.4110e+02,9.6500e-01,4.0940e-02,5.5760e-05,2.0570e-05,8.9710e-07,2.8950e-07,9.1660e-11,8.4240e-09,8.2650e-07,4.0000e-07,1.3640e-08,5.5000e-09,9.0000e-06,7.0000e-06,7.0000e-05,2.1420e-12,0.0000e+00,0.0000e+00,5.3050e-09,3.2630e-06,2.0000e+02
<ATMOSPHERE-LAYER-19>7.5830e-02,2.3600e+02,9.6500e-01,4.1130e-02,5.8370e-05,1.3400e-05,5.0260e-07,1.8580e-07,2.7600e-10,5.4210e-09,2.9540e-07,4.0000e-07,1.2640e-08,5.5000e-09,9.0000e-06,7.0000e-06,7.0000e-05,6.2940e-12,0.0000e+00,0.0000e+00,6.6010e-10,1.8040e-06,2.0000e+02
<ATMOSPHERE-LAYER-20>5.1110e-02,2.3200e+02,9.6500e-01,4.1350e-02,6.2410e-05,8.4420e-06,2.9850e-07,1.2150e-07,8.1430e-10,3.3920e-09,1.9310e-08,4.0000e-07,1.0750e-08,5.5000e-09,9.0000e-06,7.0000e-06,7.0000e-05,1.2870e-11,0.0000e+00,0.0000e+00,7.8310e-13,1.3540e-06,2.0000e+02
<ATMOSPHERE-LAYER-21>3.4450e-02,2.2820e+02,9.6500e-01,4.1560e-02,6.7870e-05,5.2970e-06,1.8850e-07,8.5310e-08,1.2000e-09,2.0960e-09,7.5080e-09,4.0000e-07,7.3330e-09,5.5000e-09,9.0000e-06,7.0000e-06,7.0000e-05,1.5640e-11,0.0000e+00,0.0000e+00,2.9080e-19,1.0180e-06,2.0000e+02
<ATMOSPHERE-LAYER-22>2.3220e-02,2.2470e+02,9.6500e-01,4.1780e-02,7.4290e-05,1.3930e-06,1.5340e-07,6.1910e-08,1.7410e-09,1.2650e-09,5.3220e-09,4.0000e-07,4.7940e-09,5.5000e-09,9.0000e-06,7.0000e-06,7.0000e-05,1.7660e-11,0.0000e+00,0.0000e+00,0.0000e+00,7.6520e-07,2.0000e+02
<ATMOSPHERE-LAYER-23>1.5650e-02,2.2120e+02,9.6500e-01,4.1990e-02,8.1320e-05,1.0210e-06,1.2770e-07,4.5490e-08,2.5120e-09,6.2550e-10,3.6470e-09,4.0000e-07,2.0320e-09,5.5000e-09,9.0000e-06,7.0000e-06,7.0000e-05,1.8480e-11,0.0000e+00,0.0000e+00,0.0000e+00,5.7530e-07,2.0000e+02
<ATMOSPHERE-LAYER-24>1.0550e-02,2.1670e+02,9.6500e-01,4.2200e-02,9.5960e-05,9.2950e-07,1.2110e-07,3.6450e-08,3.6020e-09,3.1310e-10,2.2160e-09,4.0000e-07,4.3530e-10,5.5000e-09,9.0000e-06,7.0000e-06,7.0000e-05,2.8680e-11,0.0000e+00,0.0000e+00,0.0000e+00,4.3040e-07,2.0000e+02
<ATMOSPHERE-LAYER-25>7.1070e-03,2.1140e+02,9.6500e-01,4.2410e-02,1.1560e-04,8.4790e-07,1.1490e-07,3.2130e-08,4.4020e-09,9.8870e-11,9.9350e-10,4.0000e-07,2.8160e-11,5.5000e-09,9.0000e-06,7.0000e-06,7.0000e-05,5.8200e-11,0.0000e+00,0.0000e+00,0.0000e+00,3.2070e-07,2.0000e+02
<ATMOSPHERE-LAYER-26>4.7900e-03,2.0450e+02,9.6500e-01,4.2610e-02,1.4140e-04,7.7640e-07,1.1220e-07,3.1990e-08,5.2280e-09,1.5300e-11,3.7220e-10,4.0000e-07,1.1060e-12,5.5000e-09,9.0000e-06,7.0000e-06,7.0000e-05,1.5660e-10,0.0000e+00,0.0000e+00,0.0000e+00,2.3700e-07,2.0000e+02
<ATMOSPHERE-LAYER-27>3.2280e-03,1.9820e+02,9.6500e-01,4.2810e-02,1.8630e-04,7.1170e-07,1.1000e-07,3.8610e-08,6.1750e-09,1.7450e-12,1.1800e-10,3.7020e-07,7.3860e-15,4.5450e-09,9.0000e-06,7.0000e-06,7.0000e-05,4.1310e-10,0.0000e+00,0.0000e+00,0.0000e+00,1.7540e-07,2.0000e+02
<ATMOSPHERE-LAYER-28>2.1760e-03,1.9220e+02,9.6500e-01,4.3000e-02,2.3060e-04,6.4210e-07,1.0790e-07,5.3170e-08,7.2580e-09,1.2800e-13,3.6210e-11,3.2890e-07,1.7380e-17,3.3990e-09,9.0000e-06,7.0000e-06,7.0000e-05,6.8360e-10,0.0000e+00,0.0000e+00,0.0000e+00,1.2990e-07,2.0000e+02
<ATMOSPHERE-LAYER-29>1.4670e-03,1.8650e+02,9.6500e-01,4.3190e-02,2.7510e-04,5.8100e-07,1.0600e-07,7.2910e-08,8.4860e-09,3.3170e-14,1.1500e-11,2.9330e-07,2.1270e-20,2.5640e-09,9.0000e-06,7.0000e-06,7.0000e-05,6.4430e-10,0.0000e+00,0.0000e+00,0.0000e+00,9.6310e-08,2.0000e+02
<ATMOSPHERE-LAYER-30>9.8840e-04,1.8120e+02,9.6500e-01,4.3370e-02,3.2670e-04,5.7030e-07,1.0420e-07,1.0150e-07,9.6410e-09,8.9360e-15,4.6030e-12,2.6240e-07,0.0000e+00,1.9490e-09,9.0000e-06,7.0000e-06,7.0000e-05,4.5880e-10,0.0000e+00,0.0000e+00,0.0000e+00,7.1460e-08,2.0000e+02
<ATMOSPHERE-LAYER-31>6.6620e-04,1.7710e+02,9.6500e-01,4.3550e-02,3.8650e-04,5.9870e-07,1.0250e-07,1.3880e-07,1.0920e-08,3.7630e-15,1.9040e-12,2.3530e-07,0.0000e+00,1.4920e-09,9.0000e-06,7.0000e-06,7.0000e-05,1.1500e-10,0.0000e+00,0.0000e+00,0.0000e+00,5.3350e-08,2.0000e+02
<ATMOSPHERE-LAYER-32>4.4900e-04,1.7380e+02,9.6500e-01,4.3730e-02,4.5970e-04,6.2800e-07,9.9740e-08,1.7460e-07,1.2330e-08,1.7700e-15,8.0180e-13,2.1160e-07,0.0000e+00,1.1490e-09,9.0000e-06,7.0000e-06,7.0000e-05,4.8660e-11,0.0000e+00,0.0000e+00,0.0000e+00,3.9960e-08,2.0000e+02
<ATMOSPHERE-LAYER-33>3.0260e-04,1.7150e+02,9.6500e-01,4.3900e-02,5.4510e-04,6.6400e-07,9.5030e-08,2.0920e-07,1.3900e-08,1.1830e-15,3.4230e-13,1.8150e-07,0.0000e+00,8.5140e-10,9.0000e-06,7.0000e-06,7.0000e-05,2.6430e-11,0.0000e+00,5.1570e-07,0.0000e+00,3.0130e-08,2.0000e+02
<ATMOSPHERE-LAYER-34>2.0390e-04,1.7020e+02,9.6500e-01,4.4070e-02,6.4630e-04,7.0830e-07,9.0580e-08,2.4020e-07,1.5660e-08,8.6020e-16,1.4730e-13,1.4750e-07,0.0000e+00,6.0320e-10,9.0000e-06,7.0000e-06,7.0000e-05,1.5810e-11,0.0000e+00,6.3670e-07,0.0000e+00,2.2840e-08,2.0000e+02
<ATMOSPHERE-LAYER-35>1.3750e-04,1.6960e+02,9.6500e-01,4.4250e-02,7.7070e-04,7.5530e-07,8.4240e-08,2.7150e-07,1.7620e-08,6.2650e-16,6.3680e-14,1.2000e-07,0.0000e+00,4.2810e-10,9.0000e-06,7.0000e-06,7.0000e-05,1.1860e-11,0.0000e+00,7.8540e-07,0.0000e+00,1.7380e-08,2.0000e+02
<ATMOSPHERE-LAYER-36>9.2640e-05,1.6980e+02,9.6500e-01,4.4430e-02,9.1890e-04,7.9620e-07,7.8000e-08,3.0390e-07,1.9540e-08,4.5640e-16,2.7540e-14,9.7640e-08,0.0000e+00,3.0390e-10,9.0000e-06,7.0000e-06,7.0000e-05,8.9030e-12,0.0000e+00,8.9160e-07,0.0000e+00,1.3290e-08,2.0000e+02
<ATMOSPHERE-LAYER-37>6.2440e-05,1.7040e+02,9.6500e-01,4.4610e-02,1.1010e-03,8.3210e-07,2.3250e-08,3.3230e-07,2.1120e-08,3.3220e-16,1.1880e-14,7.9400e-08,0.0000e+00,2.1560e-10,9.0000e-06,7.0000e-06,7.0000e-05,6.3660e-12,0.0000e+00,7.2400e-07,0.0000e+00,1.0180e-08,2.0000e+02
<ATMOSPHERE-LAYER-38>4.2080e-05,1.7110e+02,9.6500e-01,4.4790e-02,1.3430e-03,8.3210e-07,4.3330e-09,3.5760e-07,2.2850e-08,2.4150e-16,5.1100e-15,6.4500e-08,0.0000e+00,1.5270e-10,9.0000e-06,7.0000e-06,7.0000e-05,3.8580e-12,0.0000e+00,5.8740e-07,0.0000e+00,7.8120e-09,2.0000e+02
<ATMOSPHERE-LAYER-39>2.8360e-05,1.7210e+02,9.6500e-01,4.4980e-02,1.6400e-03,8.3210e-07,8.8270e-10,3.8300e-07,2.4720e-08,1.7520e-16,2.1870e-15,5.2340e-08,0.0000e+00,1.0790e-10,9.0000e-06,7.0000e-06,7.0000e-05,2.3320e-12,0.0000e+00,4.7640e-07,0.0000e+00,6.0010e-09,2.0000e+02
<ATMOSPHERE-LAYER-40>1.9110e-05,1.7320e+02,9.6500e-01,4.5170e-02,1.8940e-03,7.8610e-07,2.5570e-10,4.0830e-07,2.6500e-08,1.2690e-16,9.3060e-16,4.8690e-08,0.0000e+00,5.7910e-11,9.0000e-06,7.0000e-06,7.0000e-05,1.3680e-12,9.4620e-04,3.9470e-07,0.0000e+00,4.6120e-09,2.0000e+02
<ATMOSPHERE-LAYER-41>1.2880e-05,1.7430e+02,9.6500e-01,4.5360e-02,2.1780e-03,7.3460e-07,7.3460e-11,4.3140e-07,2.8330e-08,9.1670e-17,3.9370e-16,4.7060e-08,0.0000e+00,2.8660e-11,9.0000e-06,7.0000e-06,7.0000e-05,7.4850e-13,9.4620e-04,0.0000e+00,0.0000e+00,3.5450e-09,2.0000e+02
<ATMOSPHERE-LAYER-42>8.6830e-06,1.7500e+02,9.6500e-01,4.5560e-02,2.5080e-03,6.9160e-07,2.6260e-11,4.5000e-07,3.0290e-08,6.6110e-17,1.6580e-16,4.5480e-08,0.0000e+00,1.4130e-11,9.0000e-06,7.0000e-06,7.0000e-05,4.0660e-13,9.4620e-04,0.0000e+00,0.0000e+00,2.7180e-09,2.0000e+02
<ATMOSPHERE-LAYER-43>5.8520e-06,1.7500e+02,9.6500e-01,4.5750e-02,2.9030e-03,6.5350e-07,1.0040e-11,4.6960e-07,3.2000e-08,4.7630e-17,6.9650e-17,4.3940e-08,0.0000e+00,6.9540e-12,9.0000e-06,7.0000e-06,7.0000e-05,2.1140e-13,9.4620e-04,0.0000e+00,0.0000e+00,2.0760e-09,2.0000e+02
<ATMOSPHERE-LAYER-44>3.9440e-06,1.7500e+02,9.6500e-01,4.5950e-02,3.3910e-03,6.1750e-07,3.8350e-12,4.9000e-07,3.2000e-08,3.4320e-17,2.9250e-17,4.2460e-08,0.0000e+00,3.4210e-12,9.0000e-06,7.0000e-06,7.0000e-05,1.0990e-13,9.4270e-04,0.0000e+00,0.0000e+00,1.5860e-09,2.0000e+02
<ATMOSPHERE-LAYER-45>2.6580e-06,1.7500e+02,9.6500e-01,4.7650e-02,3.8750e-03,5.8350e-07,1.4640e-12,5.1130e-07,3.2000e-08,2.4720e-17,1.2280e-17,4.1020e-08,0.0000e+00,1.6830e-12,9.0000e-06,7.0000e-06,7.0000e-05,5.7100e-14,9.3650e-04,0.0000e+00,0.0000e+00,1.2110e-09,2.0000e+02
<ATMOSPHERE-LAYER-46>1.7920e-06,1.7500e+02,9.6500e-01,4.9890e-02,4.2650e-03,5.5130e-07,5.5900e-13,5.3360e-07,3.2000e-08,1.7800e-17,5.1510e-18,3.7780e-08,0.0000e+00,8.2710e-13,9.0000e-06,7.0000e-06,7.0000e-05,2.9660e-14,9.3030e-04,0.0000e+00,0.0000e+00,9.2500e-10,2.0000e+02
<ATMOSPHERE-LAYER-47>1.2070e-06,1.7500e+02,9.6040e-01,5.2230e-02,4.6950e-03,5.2090e-07,2.1330e-13,5.5680e-07,3.2000e-08,1.2820e-17,2.1600e-18,3.0500e-08,0.0000e+00,4.0650e-13,9.0000e-06,7.0000e-06,7.0000e-05,1.5400e-14,9.2410e-04,0.0000e+00,0.0000e+00,7.0640e-10,2.0000e+02
<ATMOSPHERE-LAYER-48>8.1380e-07,1.7500e+02,9.5550e-01,5.4690e-02,5.1690e-03,5.1450e-07,8.1320e-14,5.8110e-07,3.2000e-08,9.2300e-18,9.0550e-19,2.4630e-08,0.0000e+00,1.9970e-13,9.0000e-06,7.0000e-06,7.0000e-05,7.9970e-15,9.1800e-04,0.0000e+00,0.0000e+00,5.3960e-10,2.0000e+02
<ATMOSPHERE-LAYER-49>5.4850e-07,1.7500e+02,9.5060e-01,5.7270e-02,5.6900e-03,5.1290e-07,3.0990e-14,6.0640e-07,3.2000e-08,6.6440e-18,3.7940e-19,1.9880e-08,0.0000e+00,9.8060e-14,9.0000e-06,7.0000e-06,7.0000e-05,4.1500e-15,9.1200e-04,0.0000e+00,0.0000e+00,4.1210e-10,2.0000e+02
<ATMOSPHERE-LAYER-50>3.6970e-07,1.7500e+02,9.4570e-01,5.9970e-02,6.2650e-03,5.1130e-07,1.1810e-14,6.3290e-07,3.2000e-08,4.7820e-18,1.5890e-19,1.6050e-08,0.0000e+00,4.8140e-14,9.0000e-06,7.0000e-06,7.0000e-05,2.1530e-15,9.1200e-04,0.0000e+00,0.0000e+00,3.1470e-10,2.0000e+02
<ATMOSPHERE-LAYER-51>2.4910e-07,1.7500e+02,9.4080e-01,6.2800e-02,6.8970e-03,5.0960e-07,4.4960e-15,6.6050e-07,3.2000e-08,3.4410e-18,6.6530e-20,1.2950e-08,0.0000e+00,2.3620e-14,9.0000e-06,7.0000e-06,7.0000e-05,1.1170e-15,9.1200e-04,0.0000e+00,0.0000e+00,2.4040e-10,2.0000e+02
<ATMOSPHERE-LAYER-52>1.6790e-07,1.7500e+02,9.3590e-01,6.5760e-02,7.5950e-03,5.0800e-07,1.7110e-15,6.8930e-07,3.2000e-08,2.4760e-18,2.7840e-20,1.0450e-08,0.0000e+00,1.1590e-14,9.0000e-06,7.0000e-06,7.0000e-05,5.7890e-16,9.1200e-04,0.0000e+00,0.0000e+00,1.8360e-10,2.0000e+02
<ATMOSPHERE-LAYER-53>1.1320e-07,1.7500e+02,9.3110e-01,6.9890e-02,8.3620e-03,5.0640e-07,6.5090e-16,7.1940e-07,3.2000e-08,1.7810e-18,1.1650e-20,2.4340e-09,0.0000e+00,5.6830e-15,9.0000e-06,7.0000e-06,7.0000e-05,3.0000e-16,9.1200e-04,0.0000e+00,0.0000e+00,1.4020e-10,2.0000e+02
<ATMOSPHERE-LAYER-54>7.6280e-08,1.7500e+02,9.2130e-01,7.4580e-02,9.3550e-03,5.0480e-07,2.4750e-16,7.5080e-07,3.2000e-08,1.2810e-18,0.0000e+00,4.0950e-10,0.0000e+00,2.7860e-15,9.0000e-06,7.0000e-06,7.0000e-05,1.5540e-16,9.1200e-04,0.0000e+00,0.0000e+00,1.0710e-10,2.0000e+02
<ATMOSPHERE-LAYER-55>5.1410e-08,1.7500e+02,9.0750e-01,7.9590e-02,1.2100e-02,5.0310e-07,9.4060e-17,7.8370e-07,3.2000e-08,9.2120e-19,0.0000e+00,6.8840e-11,0.0000e+00,1.3650e-15,9.0000e-06,7.0000e-06,7.0000e-05,8.0500e-17,9.0560e-04,0.0000e+00,0.0000e+00,8.1790e-11,2.0000e+02
<ATMOSPHERE-LAYER-56>3.4650e-08,1.7500e+02,8.9400e-01,8.4940e-02,1.5660e-02,5.0150e-07,3.5730e-17,8.1800e-07,3.2000e-08,6.6240e-19,0.0000e+00,1.1560e-11,0.0000e+00,6.6870e-16,9.0000e-06,7.0000e-06,7.0000e-05,4.1680e-17,8.7000e-04,0.0000e+00,0.0000e+00,6.2470e-11,2.0000e+02
<ATMOSPHERE-LAYER-57>2.3350e-08,1.7500e+02,8.8060e-01,9.0650e-02,2.0270e-02,4.9990e-07,1.3560e-17,8.5380e-07,3.2000e-08,4.7620e-19,0.0000e+00,1.9400e-12,0.0000e+00,3.2740e-16,9.0000e-06,7.0000e-06,7.0000e-05,2.1570e-17,8.3790e-04,0.0000e+00,0.0000e+00,4.7710e-11,2.0000e+02
<ATMOSPHERE-LAYER-58>1.5740e-08,1.7500e+02,8.6740e-01,9.6750e-02,2.6240e-02,4.9830e-07,5.1480e-18,8.9110e-07,3.2000e-08,3.4230e-19,0.0000e+00,3.2520e-13,0.0000e+00,1.6030e-16,9.0000e-06,7.0000e-06,7.0000e-05,1.1160e-17,8.1090e-04,0.0000e+00,0.0000e+00,3.6440e-11,2.0000e+02
<ATMOSPHERE-LAYER-59>1.0610e-08,1.7500e+02,8.2400e-01,1.0330e-01,3.3960e-02,4.9670e-07,1.9520e-18,9.3020e-07,3.2000e-08,2.4600e-19,0.0000e+00,5.4470e-14,0.0000e+00,7.8430e-17,9.0000e-06,7.0000e-06,7.0000e-05,5.7740e-18,7.8470e-04,0.0000e+00,0.0000e+00,2.7830e-11,2.0000e+02
<ATMOSPHERE-LAYER-60>7.1490e-09,1.7500e+02,7.6800e-01,1.0900e-01,4.3970e-02,4.9510e-07,7.4020e-19,9.7100e-07,3.2000e-08,1.7670e-19,0.0000e+00,9.1150e-15,0.0000e+00,3.8360e-17,9.0000e-06,7.0000e-06,7.0000e-05,2.9860e-18,7.5940e-04,0.0000e+00,0.0000e+00,2.1260e-11,2.0000e+02
<ATMOSPHERE-LAYER-61>4.8180e-09,1.7500e+02,7.1580e-01,1.1350e-01,5.2280e-02,4.9350e-07,2.8050e-19,1.0140e-06,3.2000e-08,1.2700e-19,0.0000e+00,1.5240e-15,0.0000e+00,1.8760e-17,9.0000e-06,7.0000e-06,7.0000e-05,1.5430e-18,6.9690e-04,0.0000e+00,0.0000e+00,1.6230e-11,2.0000e+02
<ATMOSPHERE-LAYER-62>3.2470e-09,1.7500e+02,6.6710e-01,1.1810e-01,6.1990e-02,4.9190e-07,1.0620e-19,1.0580e-06,3.2000e-08,9.1210e-20,0.0000e+00,2.5460e-16,0.0000e+00,9.1690e-18,9.0000e-06,7.0000e-06,7.0000e-05,7.9750e-19,6.3840e-04,0.0000e+00,0.0000e+00,1.2400e-11,2.0000e+02
<ATMOSPHERE-LAYER-63>2.1890e-09,1.7500e+02,5.9140e-01,1.2300e-01,7.3510e-02,4.9040e-07,4.0220e-20,1.1040e-06,3.2000e-08,6.5500e-20,0.0000e+00,4.2490e-17,0.0000e+00,4.4800e-18,9.0000e-06,7.0000e-06,7.0000e-05,4.1190e-19,5.8480e-04,0.0000e+00,0.0000e+00,9.4700e-12,2.0000e+02
<ATMOSPHERE-LAYER-64>1.4750e-09,1.7500e+02,5.2410e-01,1.2800e-01,8.6650e-02,4.8880e-07,1.5220e-20,1.1530e-06,3.2000e-08,4.7040e-20,0.0000e+00,7.0840e-18,0.0000e+00,2.1880e-18,9.0000e-06,7.0000e-06,7.0000e-05,2.1270e-19,5.0260e-04,0.0000e+00,0.0000e+00,7.2330e-12,2.0000e+02
<ATMOSPHERE-LAYER-65>9.9420e-10,1.7500e+02,4.5070e-01,1.2190e-01,1.0070e-01,4.8720e-07,0.0000e+00,1.2040e-06,3.2000e-08,3.3770e-20,0.0000e+00,1.1800e-18,0.0000e+00,1.0690e-18,9.0000e-06,7.0000e-06,7.0000e-05,1.0980e-19,4.1440e-04,0.0000e+00,0.0000e+00,5.5240e-12,2.0000e+02
<ATMOSPHERE-LAYER-66>6.7010e-10,1.7500e+02,3.5380e-01,1.1440e-01,1.1710e-01,4.8560e-07,0.0000e+00,1.2570e-06,3.2000e-08,2.4240e-20,0.0000e+00,1.9640e-19,0.0000e+00,5.2150e-19,9.0000e-06,7.0000e-06,7.0000e-05,5.6670e-20,3.4160e-04,0.0000e+00,0.0000e+00,0.0000e+00,2.0000e+02
<ATMOSPHERE-LAYER-67>4.5160e-10,1.7500e+02,2.7780e-01,1.0740e-01,1.1600e-01,4.8410e-07,0.0000e+00,1.3120e-06,3.2000e-08,1.7400e-20,0.0000e+00,3.2670e-20,0.0000e+00,2.5450e-19,9.0000e-06,7.0000e-06,7.0000e-05,2.9230e-20,2.6720e-04,0.0000e+00,0.0000e+00,0.0000e+00,2.0000e+02
<ATMOSPHERE-LAYER-68>3.0440e-10,1.7500e+02,2.1590e-01,1.0080e-01,1.1190e-01,4.8250e-07,0.0000e+00,1.3700e-06,3.2000e-08,1.2480e-20,0.0000e+00,0.0000e+00,0.0000e+00,1.2410e-19,9.0000e-06,7.0000e-06,7.0000e-05,1.5080e-20,2.0030e-04,0.0000e+00,0.0000e+00,0.0000e+00,2.0000e+02
<ATMOSPHERE-LAYER-69>2.0510e-10,1.7500e+02,1.6140e-01,9.4550e-02,1.0790e-01,4.8100e-07,0.0000e+00,1.4300e-06,3.2000e-08,0.0000e+00,0.0000e+00,0.0000e+00,0.0000e+00,6.0510e-20,9.0000e-06,7.0000e-06,7.0000e-05,0.0000e+00,1.5010e-04,0.0000e+00,0.0000e+00,0.0000e+00,2.0000e+02
<ATMOSPHERE-LAYER-70>1.3830e-10,1.7500e+02,1.2070e-01,8.8240e-02,9.9990e-02,4.7940e-07,0.0000e+00,1.4930e-06,3.2000e-08,0.0000e+00,0.0000e+00,0.0000e+00,0.0000e+00,2.9490e-20,9.0000e-06,7.0000e-06,7.0000e-05,0.0000e+00,1.1250e-04,0.0000e+00,0.0000e+00,0.0000e+00,2.0000e+02
<ATMOSPHERE-LAYER-71>9.3180e-11,1.7500e+02,8.9980e-02,7.7120e-02,9.1820e-02,4.7630e-07,0.0000e+00,1.5590e-06,3.2000e-08,0.0000e+00,0.0000e+00,0.0000e+00,0.0000e+00,1.4370e-20,9.0000e-06,7.0000e-06,7.0000e-05,0.0000e+00,8.4300e-05,0.0000e+00,0.0000e+00,0.0000e+00,2.0000e+02
<ATMOSPHERE-LAYER-72>6.2800e-11,1.7500e+02,6.6200e-02,6.7390e-02,8.4310e-02,4.7320e-07,0.0000e+00,1.6270e-06,3.2000e-08,0.0000e+00,0.0000e+00,0.0000e+00,0.0000e+00,0.0000e+00,9.0000e-06,7.0000e-06,7.0000e-05,0.0000e+00,6.3160e-05,0.0000e+00,0.0000e+00,0.0000e+00,2.0000e+02
<ATMOSPHERE-LAYER-73>4.2330e-11,1.7500e+02,4.8700e-02,5.8880e-02,7.7420e-02,4.7000e-07,0.0000e+00,1.6990e-06,3.2000e-08,0.0000e+00,0.0000e+00,0.0000e+00,0.0000e+00,0.0000e+00,9.0000e-06,7.0000e-06,7.0000e-05,0.0000e+00,4.7310e-05,0.0000e+00,0.0000e+00,0.0000e+00,2.0000e+02
<ATMOSPHERE-LAYER-74>2.8530e-11,1.7500e+02,3.5820e-02,5.1450e-02,7.1080e-02,4.6690e-07,0.0000e+00,1.7740e-06,3.2000e-08,0.0000e+00,0.0000e+00,0.0000e+00,0.0000e+00,0.0000e+00,9.0000e-06,7.0000e-06,7.0000e-05,0.0000e+00,3.5440e-05,0.0000e+00,0.0000e+00,0.0000e+00,2.0000e+02
<ATMOSPHERE-LAYER-75>1.9230e-11,1.7500e+02,2.6340e-02,4.4950e-02,6.3700e-02,4.6380e-07,0.0000e+00,1.8530e-06,3.2000e-08,0.0000e+00,0.0000e+00,0.0000e+00,0.0000e+00,0.0000e+00,9.0000e-06,7.0000e-06,7.0000e-05,0.0000e+00,2.5860e-05,0.0000e+00,0.0000e+00,0.0000e+00,2.0000e+02
<ATMOSPHERE-LAYER-76>1.2960e-11,1.7500e+02,1.9370e-02,3.9270e-02,5.6290e-02,4.6070e-07,0.0000e+00,1.9350e-06,3.2000e-08,0.0000e+00,0.0000e+00,0.0000e+00,0.0000e+00,0.0000e+00,9.0000e-06,7.0000e-06,7.0000e-05,0.0000e+00,1.8590e-05,0.0000e+00,0.0000e+00,0.0000e+00,2.0000e+02
<ATMOSPHERE-LAYER-77>8.7340e-12,1.7500e+02,1.4080e-02,3.4300e-02,4.9750e-02,4.5770e-07,0.0000e+00,2.0200e-06,3.2000e-08,0.0000e+00,0.0000e+00,0.0000e+00,0.0000e+00,0.0000e+00,9.0000e-06,7.0000e-06,7.0000e-05,0.0000e+00,1.3360e-05,0.0000e+00,0.0000e+00,0.0000e+00,2.0000e+02
<ATMOSPHERE-LAYER-78>5.8860e-12,1.7500e+02,1.0240e-02,2.9960e-02,4.3960e-02,4.5460e-07,0.0000e+00,2.1090e-06,3.2000e-08,0.0000e+00,0.0000e+00,0.0000e+00,0.0000e+00,0.0000e+00,9.0000e-06,7.0000e-06,7.0000e-05,0.0000e+00,9.6020e-06,0.0000e+00,0.0000e+00,0.0000e+00,2.0000e+02
<ATMOSPHERE-LAYER-79>3.9670e-12,1.7500e+02,7.4440e-03,2.6170e-02,3.8850e-02,4.5160e-07,0.0000e+00,2.2030e-06,3.2000e-08,0.0000e+00,0.0000e+00,0.0000e+00,0.0000e+00,0.0000e+00,9.0000e-06,7.0000e-06,7.0000e-05,0.0000e+00,6.8990e-06,0.0000e+00,0.0000e+00,0.0000e+00,2.0000e+02
<ATMOSPHERE-LAYER-80>2.6740e-12,1.7500e+02,5.4110e-03,2.2860e-02,3.4330e-02,4.4860e-07,0.0000e+00,2.3000e-06,3.2000e-08,0.0000e+00,0.0000e+00,0.0000e+00,0.0000e+00,0.0000e+00,9.0000e-06,7.0000e-06,7.0000e-05,0.0000e+00,4.9570e-06,0.0000e+00,0.0000e+00,0.0000e+00,2.0000e+02
<ATMOSPHERE-LAYER-81>1.8020e-12,1.7500e+02,3.9320e-03,1.9960e-02,3.0330e-02,4.4560e-07,0.0000e+00,2.4020e-06,3.2000e-08,0.0000e+00,0.0000e+00,0.0000e+00,0.0000e+00,0.0000e+00,9.0000e-06,7.0000e-06,7.0000e-05,0.0000e+00,3.5600e-06,0.0000e+00,0.0000e+00,0.0000e+00,2.0000e+02
<ATMOSPHERE-LAYER-82>1.2150e-12,1.7500e+02,2.8570e-03,1.7430e-02,2.6790e-02,4.4260e-07,0.0000e+00,2.5090e-06,3.2000e-08,0.0000e+00,0.0000e+00,0.0000e+00,0.0000e+00,0.0000e+00,9.0000e-06,7.0000e-06,7.0000e-05,0.0000e+00,2.5600e-06,0.0000e+00,0.0000e+00,0.0000e+00,2.0000e+02
<ATMOSPHERE-LAYER-83>8.1860e-13,1.7500e+02,2.0760e-03,1.5220e-02,2.3670e-02,4.3970e-07,0.0000e+00,2.6200e-06,3.2000e-08,0.0000e+00,0.0000e+00,0.0000e+00,0.0000e+00,0.0000e+00,9.0000e-06,7.0000e-06,7.0000e-05,0.0000e+00,1.8750e-06,0.0000e+00,0.0000e+00,0.0000e+00,2.0000e+02
<ATMOSPHERE-LAYER-84>5.5170e-13,1.7500e+02,1.5080e-03,1.3220e-02,2.0910e-02,4.3680e-07,0.0000e+00,2.7360e-06,3.2000e-08,0.0000e+00,0.0000e+00,0.0000e+00,0.0000e+00,0.0000e+00,9.0000e-06,7.0000e-06,7.0000e-05,0.0000e+00,1.3740e-06,0.0000e+00,0.0000e+00,0.0000e+00,2.0000e+02
<ATMOSPHERE-LAYER-85>3.7180e-13,1.7500e+02,1.0950e-03,1.1460e-02,1.8470e-02,4.3390e-07,0.0000e+00,2.8580e-06,3.2000e-08,0.0000e+00,0.0000e+00,0.0000e+00,0.0000e+00,0.0000e+00,9.0000e-06,7.0000e-06,7.0000e-05,0.0000e+00,1.0060e-06,0.0000e+00,0.0000e+00,0.0000e+00,2.0000e+02
<ATMOSPHERE-LAYER-86>2.5060e-13,1.7500e+02,7.9520e-04,9.9390e-03,1.6310e-02,4.3100e-07,0.0000e+00,2.9850e-06,3.2000e-08,0.0000e+00,0.0000e+00,0.0000e+00,0.0000e+00,0.0000e+00,9.0000e-06,7.0000e-06,7.0000e-05,0.0000e+00,7.3660e-07,0.0000e+00,0.0000e+00,0.0000e+00,2.0000e+02
<ATMOSPHERE-LAYER-87>1.6890e-13,1.7500e+02,5.7730e-04,8.6160e-03,1.4410e-02,4.2810e-07,0.0000e+00,3.1170e-06,3.2000e-08,0.0000e+00,0.0000e+00,0.0000e+00,0.0000e+00,0.0000e+00,9.0000e-06,7.0000e-06,7.0000e-05,0.0000e+00,5.3930e-07,0.0000e+00,0.0000e+00,0.0000e+00,2.0000e+02
<ATMOSPHERE-LAYER-88>1.1380e-13,1.7500e+02,4.1910e-04,7.4690e-03,1.2720e-02,4.2520e-07,0.0000e+00,3.2560e-06,3.2000e-08,0.0000e+00,0.0000e+00,0.0000e+00,0.0000e+00,0.0000e+00,9.0000e-06,7.0000e-06,7.0000e-05,0.0000e+00,3.9150e-07,0.0000e+00,0.0000e+00,0.0000e+00,2.0000e+02
<ATMOSPHERE-LAYER-89>7.6720e-14,1.7500e+02,3.0560e-04,6.4740e-03,1.1240e-02,4.2240e-07,0.0000e+00,3.4010e-06,3.2000e-08,0.0000e+00,0.0000e+00,0.0000e+00,0.0000e+00,0.0000e+00,9.0000e-06,7.0000e-06,7.0000e-05,0.0000e+00,2.8270e-07,0.0000e+00,0.0000e+00,0.0000e+00,2.0000e+02
<ATMOSPHERE-LAYER-90>5.1710e-14,1.7500e+02,2.2500e-04,5.6110e-03,9.8980e-03,4.1960e-07,0.0000e+00,3.5520e-06,3.2000e-08,0.0000e+00,0.0000e+00,0.0000e+00,0.0000e+00,0.0000e+00,9.0000e-06,7.0000e-06,7.0000e-05,0.0000e+00,2.0410e-07,0.0000e+00,0.0000e+00,0.0000e+00,2.0000e+02
<ATMOSPHERE-LAYER-91>3.4850e-14,1.7500e+02,1.6570e-04,4.8630e-03,8.6970e-03,4.1680e-07,0.0000e+00,3.7110e-06,3.2000e-08,0.0000e+00,0.0000e+00,0.0000e+00,0.0000e+00,0.0000e+00,9.0000e-06,7.0000e-06,7.0000e-05,0.0000e+00,1.4730e-07,0.0000e+00,0.0000e+00,0.0000e+00,2.0000e+02
<ATMOSPHERE-LAYER-92>2.3490e-14,1.7500e+02,1.2190e-04,4.2140e-03,7.6420e-03,4.1400e-07,0.0000e+00,3.8760e-06,3.2000e-08,0.0000e+00,0.0000e+00,0.0000e+00,0.0000e+00,0.0000e+00,9.0000e-06,7.0000e-06,7.0000e-05,0.0000e+00,1.0630e-07,0.0000e+00,0.0000e+00,0.0000e+00,2.0000e+02
<ATMOSPHERE-LAYER-93>1.5830e-14,1.7500e+02,8.9750e-05,3.6510e-03,6.7140e-03,4.1150e-07,0.0000e+00,4.0490e-06,3.2000e-08,0.0000e+00,0.0000e+00,0.0000e+00,0.0000e+00,0.0000e+00,9.0000e-06,7.0000e-06,7.0000e-05,0.0000e+00,7.6690e-08,0.0000e+00,0.0000e+00,0.0000e+00,2.0000e+02
<ATMOSPHERE-LAYER-94>1.0670e-14,1.7500e+02,6.6050e-05,3.1640e-03,5.8980e-03,4.0910e-07,0.0000e+00,4.2290e-06,3.2000e-08,0.0000e+00,0.0000e+00,0.0000e+00,0.0000e+00,0.0000e+00,9.0000e-06,7.0000e-06,7.0000e-05,0.0000e+00,5.5330e-08,0.0000e+00,0.0000e+00,0.0000e+00,2.0000e+02
<ATMOSPHERE-LAYER-95>7.1910e-15,1.7500e+02,4.8600e-05,2.7410e-03,5.1810e-03,4.0660e-07,0.0000e+00,4.4180e-06,3.2000e-08,0.0000e+00,0.0000e+00,0.0000e+00,0.0000e+00,0.0000e+00,9.0000e-06,7.0000e-06,7.0000e-05,0.0000e+00,3.9910e-08,0.0000e+00,0.0000e+00,0.0000e+00,2.0000e+02
<ATMOSPHERE-LAYER-96>4.8460e-15,1.7500e+02,3.5750e-05,2.3880e-03,4.5510e-03,4.0420e-07,0.0000e+00,4.6150e-06,3.2000e-08,0.0000e+00,0.0000e+00,0.0000e+00,0.0000e+00,0.0000e+00,9.0000e-06,7.0000e-06,7.0000e-05,0.0000e+00,2.8780e-08,0.0000e+00,0.0000e+00,0.0000e+00,2.0000e+02
<ATMOSPHERE-LAYER-97>3.2660e-15,1.7500e+02,2.6290e-05,2.0960e-03,3.9970e-03,4.0180e-07,0.0000e+00,4.8220e-06,3.2000e-08,0.0000e+00,0.0000e+00,0.0000e+00,0.0000e+00,0.0000e+00,9.0000e-06,7.0000e-06,7.0000e-05,0.0000e+00,2.0750e-08,0.0000e+00,0.0000e+00,0.0000e+00,2.0000e+02
<ATMOSPHERE-LAYER-98>2.2010e-15,1.7500e+02,1.9340e-05,1.8390e-03,3.5110e-03,3.9950e-07,0.0000e+00,5.0370e-06,3.2000e-08,0.0000e+00,0.0000e+00,0.0000e+00,0.0000e+00,0.0000e+00,9.0000e-06,7.0000e-06,7.0000e-05,0.0000e+00,1.4960e-08,0.0000e+00,0.0000e+00,0.0000e+00,2.0000e+02
<ATMOSPHERE-LAYER-99>1.4840e-15,1.7500e+02,1.4250e-05,1.6140e-03,3.0830e-03,3.9710e-07,0.0000e+00,5.2620e-06,3.2000e-08,0.0000e+00,0.0000e+00,0.0000e+00,0.0000e+00,0.0000e+00,9.0000e-06,7.0000e-06,7.0000e-05,0.0000e+00,1.0790e-08,0.0000e+00,0.0000e+00,0.0000e+00,2.0000e+02
<ATMOSPHERE-LAYER-100>1.0000e-15,1.7500e+02,1.0500e-05,1.4160e-03,2.7080e-03,3.9470e-07,0.0000e+00,5.4980e-06,3.2000e-08,0.0000e+00,0.0000e+00,0.0000e+00,0.0000e+00,0.0000e+00,9.0000e-06,7.0000e-06,7.0000e-05,0.0000e+00,7.7730e-09,0.0000e+00,0.0000e+00,0.0000e+00,2.0000e+02
<ATMOSPHERE-TEMPERATURE>210.0000
<ATMOSPHERE-TAU>0.07,0.07,0.07
<ATMOSPHERE-CLOUDFRACTION>1.0000
<ATMOSPHERE-ASUNI>um
<ATMOSPHERE-CONTINUUM>Rayleigh,Refraction,CIA_all,UV_all
<SURFACE-TEMPERATURE>230.0000
<SURFACE-ALBEDO>0.3000
<SURFACE-EMISSIVITY>0.8000
<SURFACE-NSURF>0
<SURFACE-MODEL>Lambert
<SURFACE-PHASEMODEL>ISO
<SURFACE-GAS-RATIO>1.0000
<SURFACE-GAS-UNIT>ratio
<GENERATOR-INSTRUMENT>ALMA_Band7: ALMA (Atacama Large Millimeter/submillimeter Array) is a mm/sub-mm interferometer located on the Chajnantor plateau (Chile) at 5000 meters. High-resolution spectroscopy is provided in the 31-950 GHz via a set of ten receivers / bands / frontends, combined with a versatile correlator backend configuration. Highest spectral resolution is 7.6 kHz, and highest spatial resolution is 10 milliarcseconds. Band-7 samples the 275-373 GHz range employing SIS receivers.
<GENERATOR-RANGE1>1344.928807
<GENERATOR-RANGE2>1345.318097
<GENERATOR-RANGEUNIT>cm
<GENERATOR-RESOLUTION>80000
<GENERATOR-RESOLUTIONUNIT>RP
<GENERATOR-TELESCOPE>ARRAY
<GENERATOR-DIAMTELE>12
<GENERATOR-BEAM>1
<GENERATOR-BEAM-UNIT>arcsec
<GENERATOR-TELESCOPE1>54
<GENERATOR-TELESCOPE2>2.0
<GENERATOR-TELESCOPE3>1.0
<GENERATOR-NOISE>TRX
<GENERATOR-NOISE1>75
<GENERATOR-NOISE2>0
<GENERATOR-NOISEOTEMP>270
<GENERATOR-NOISEOEFF>0.48
<GENERATOR-NOISEOEMIS>0.05
<GENERATOR-NOISETIME>60
<GENERATOR-NOISEFRAMES>10
<GENERATOR-NOISEPIXELS>8
<GENERATOR-TRANS-APPLY>N
<GENERATOR-TRANS-SHOW>Y
<GENERATOR-TRANS>02-01
<GENERATOR-LOGRAD>N
<GENERATOR-GAS-MODEL>Y
<GENERATOR-CONT-MODEL>Y
<GENERATOR-CONT-STELLAR>N
<GENERATOR-RADUNITS>Wsrm2
<GENERATOR-RESOLUTIONKERNEL>Y
<RETRIEVAL-GAMMA>1.0
<RETRIEVAL-ALPHA>1.5
<RETRIEVAL-FLUXSCALER>1e-3
<RETRIEVAL-FITTELLURIC>N
<RETRIEVAL-FITGAIN>0
<RETRIEVAL-FITGAIN-PHOTOMETRIC>Y
<RETRIEVAL-REMOVEOFFSET>-1
<RETRIEVAL-REMOVEFRINGE>0
<RETRIEVAL-FITSTELLAR>N
<RETRIEVAL-FITFREQ>N
<RETRIEVAL-FLAGS>Y,Y,Y,Y,Y
<RETRIEVAL-NVARS>3
<RETRIEVAL-VARIABLES>ATMOSPHERE-CO2,ATMOSPHERE-SO2,ATMOSPHERE-H2O
<RETRIEVAL-VALUES>9.9413e-01,9.8934e-01,9.9966e-01
<RETRIEVAL-MIN>0,0,0
<RETRIEVAL-MAX>10,10,10
<RETRIEVAL-UNITS>scl,scl,scl
<RETRIEVAL-FLUXLABELS>Data,Noise,Model,Gain
<RETRIEVAL-STATUS>OK
<RETRIEVAL-SIGMAS>8.7471e+09,2.4431e+09,2.2350e+11
<RETRIEVAL-FREQSHIFT>
<SURFACE-ABUN>
<SURFACE-UNIT>
<SURFACE-THICK>
<SURFACE-MIXING>
<SURFACE-SURF>
<SURFACE-TYPE>
<DATA>
1.34494650e+03   7.933085e+02   4.066160e+01   1.255065e-02   1.000000e+00
1.34495080e+03   7.988643e+02   4.066160e+01   1.268804e-02   1.000000e+00
1.34495510e+03   8.124398e+02   4.066160e+01   1.276985e-02   1.000000e+00
1.34495920e+03   8.232266e+02   4.066160e+01   1.281307e-02   1.000000e+00
1.34496350e+03   8.247032e+02   4.066160e+01   1.283729e-02   1.000000e+00
1.34496780e+03   8.314025e+02   4.066160e+01   1.284850e-02   1.000000e+00
1.34497210e+03   8.310296e+02   4.066160e+01   1.285313e-02   1.000000e+00
1.34497630e+03   8.386390e+02   4.066160e+01   1.285438e-02   1.000000e+00
1.34498060e+03   8.445652e+02   4.066160e+01   1.285403e-02   1.000000e+00
1.34498490e+03   8.359320e+02   4.066160e+01   1.285278e-02   1.000000e+00
1.34498910e+03   8.441229e+02   4.066160e+01   1.285083e-02   1.000000e+00
1.34499340e+03   8.440742e+02   4.066160e+01   1.284794e-02   1.000000e+00
1.34499770e+03   8.458017e+02   4.066160e+01   1.284396e-02   1.000000e+00
1.34500200e+03   8.463409e+02   4.066160e+01   1.283934e-02   1.000000e+00
1.34500620e+03   8.349495e+02   4.066160e+01   1.283518e-02   1.000000e+00
1.34501050e+03   8.411965e+02   4.066160e+01   1.283172e-02   1.000000e+00
1.34501480e+03   8.392561e+02   4.066160e+01   1.282629e-02   1.000000e+00
1.34501910e+03   8.358514e+02   4.066160e+01   1.281003e-02   1.000000e+00
1.34502320e+03   8.246573e+02   4.066160e+01   1.276721e-02   1.000000e+00
1.34502750e+03   8.188502e+02   4.066160e+01   1.266807e-02   1.000000e+00
1.34503170e+03   8.113445e+02   4.066160e+01   1.249802e-02   1.000000e+00
1.34503600e+03   7.953546e+02   4.066160e+01   1.228272e-02   1.000000e+00
1.34504030e+03   8.075939e+02   4.066160e+01   1.212406e-02   1.000000e+00
1.34504460e+03   8.154167e+02   4.066160e+01   1.210880e-02   1.000000e+00
1.34504880e+03   8.151971e+02   4.066160e+01   1.219384e-02   1.000000e+00
1.34505310e+03   8.054221e+02   4.066160e+01   1.224759e-02   1.000000e+00
1.34505740e+03   7.931709e+02   4.066160e+01   1.218007e-02   1.000000e+00
1.34506170e+03   7.942969e+02   4.066160e+01   1.204091e-02   1.000000e+00
1.34506590e+03   8.015179e+02   4.066160e+01   1.198062e-02   1.000000e+00
1.34507020e+03   8.140804e+02   4.066160e+01   1.209752e-02   1.000000e+00
1.34507450e+03   8.168123e+02   4.066160e+01   1.232955e-02   1.000000e+00
1.34507870e+03   8.200333e+02   4.066160e+01   1.254934e-02   1.000000e+00
1.34508300e+03   8.231551e+02   4.066160e+01   1.269552e-02   1.000000e+00
1.34508730e+03   8.173918e+02   4.066160e+01   1.276169e-02   1.000000e+00
1.34509140e+03   8.208604e+02   4.066160e+01   1.277968e-02   1.000000e+00
1.34509570e+03   8.186533e+02   4.066160e+01   1.278002e-02   1.000000e+00
1.34510000e+03   8.115098e+02   4.066160e+01   1.278314e-02   1.000000e+00
1.34510430e+03   8.153658e+02   4.066160e+01   1.279502e-02   1.000000e+00
1.34510850e+03   8.214318e+02   4.066160e+01   1.280588e-02   1.000000e+00
1.34511280e+03   8.205788e+02   4.066160e+01   1.280156e-02   1.000000e+00
1.34511710e+03   8.165410e+02   4.066160e+01   1.276376e-02   1.000000e+00
1.34512130e+03   8.099239e+02   4.066160e+01   1.267497e-02   1.000000e+00
1.34512560e+03   7.983489e+02   4.066160e+01   1.250256e-02   1.000000e+00
1.34512990e+03   7.919094e+02   4.066160e+01   1.226462e-02   1.000000e+00
1.34513420e+03   7.973188e+02   4.066160e+01   1.204940e-02   1.000000e+00
1.34513840e+03   8.071189e+02   4.066160e+01   1.196932e-02   1.000000e+00
1.34514270e+03   8.067985e+02   4.066160e+01   1.203631e-02   1.000000e+00
1.34514700e+03   8.048186e+02   4.066160e+01   1.213741e-02   1.000000e+00
1.34515130e+03   8.084837e+02   4.066160e+01   1.217859e-02   1.000000e+00
1.34515550e+03   8.109244e+02   4.066160e+01   1.218184e-02   1.000000e+00
1.34515970e+03   8.169399e+02   4.066160e+01   1.221631e-02   1.000000e+00
1.34516400e+03   8.233278e+02   4.066160e+01   1.230953e-02   1.000000e+00
1.34516820e+03   8.326664e+02   4.066160e+01   1.243555e-02   1.000000e+00
1.34517250e+03   8.382559e+02   4.066160e+01   1.257174e-02   1.000000e+00
1.34517680e+03   8.386158e+02   4.066160e+01   1.268949e-02   1.000000e+00
1.34518100e+03   8.397667e+02   4.066160e+01   1.276725e-02   1.000000e+00
1.34518530e+03   8.459670e+02   4.066160e+01   1.281077e-02   1.000000e+00
1.34518960e+03   8.479440e+02   4.066160e+01   1.282827e-02   1.000000e+00
1.34519390e+03   8.493378e+02   4.066160e+01   1.283397e-02   1.000000e+00
1.34519810e+03   8.381392e+02   4.066160e+01   1.283460e-02   1.000000e+00
1.34520240e+03   8.391425e+02   4.066160e+01   1.283284e-02   1.000000e+00
1.34520670e+03   8.344996e+02   4.066160e+01   1.282793e-02   1.000000e+00
1.34521090e+03   8.177335e+02   4.066160e+01   1.281704e-02   1.000000e+00
1.34521520e+03   8.218827e+02   4.066160e+01   1.279510e-02   1.000000e+00
1.34521950e+03   8.148799e+02   4.066160e+01   1.275825e-02   1.000000e+00
1.34522380e+03   8.021440e+02   4.066160e+01   1.270297e-02   1.000000e+00
1.34522790e+03   7.791760e+02   4.066160e+01   1.262037e-02   1.000000e+00
1.34523220e+03   7.493671e+02   4.066160e+01   1.247962e-02   1.000000e+00
1.34523650e+03   7.291094e+02   4.066160e+01   1.225566e-02   1.000000e+00
1.34524070e+03   7.131554e+02   4.066160e+01   1.197876e-02   1.000000e+00
1.34524500e+03   7.207676e+02   4.066160e+01   1.174630e-02   1.000000e+00
1.34524930e+03   7.594593e+02   4.066160e+01   1.171448e-02   1.000000e+00
1.34525360e+03   7.996707e+02   4.066160e+01   1.193892e-02   1.000000e+00
1.34525780e+03   7.994910e+02   4.066160e+01   1.226777e-02   1.000000e+00
1.34526210e+03   8.168136e+02   4.066160e+01   1.254879e-02   1.000000e+00
1.34526640e+03   8.065799e+02   4.066160e+01   1.270795e-02   1.000000e+00
1.34527060e+03   8.118100e+02   4.066160e+01   1.277314e-02   1.000000e+00
1.34527490e+03   8.319808e+02   4.066160e+01   1.279544e-02   1.000000e+00
1.34527920e+03   8.039021e+02   4.066160e+01   1.280179e-02   1.000000e+00
1.34528350e+03   8.154183e+02   4.066160e+01   1.280220e-02   1.000000e+00
1.34528770e+03   8.100286e+02   4.066160e+01   1.279436e-02   1.000000e+00
1.34529200e+03   7.967866e+02   4.066160e+01   1.276260e-02   1.000000e+00
1.34529630e+03   7.736248e+02   4.066160e+01   1.268286e-02   1.000000e+00
1.34530040e+03   7.925200e+02   4.066160e+01   1.253359e-02   1.000000e+00
</DATA>
